================================
A= 
[
[  0.56581073 ,  0.61092992 ,  0.50576808 ,  0.17964687 ,  0.81668627 ,  0.18347165 ,  0.58465296 ,  0.42215608 ,  0.02533418 ,  0.31625959 ,  0.06127619 ,  0.08365902 ,  0.97679092 ,  0.97805829 ,  0.87388900 ,  0.05307681 ,  0.26898846 ,  0.09233823 ,  0.88096320 ,  0.56257316 ,  0.66351391 ,  0.98144093 ,  0.96191045 ,  0.13944701 ,  0.22344224 ,  0.21441711 ,  0.01198589 ,  0.86839056 ,  0.33178706 ,  0.53611201 ,],
[  0.55659681 ,  0.89759779 ,  0.14704192 ,  0.06236489 ,  0.07724467 ,  0.96372820 ,  0.24583655 ,  0.66189763 ,  0.38588427 ,  0.27117073 ,  0.97815722 ,  0.44716047 ,  0.35482975 ,  0.95494814 ,  0.42521875 ,  0.22871875 ,  0.00802495 ,  0.69420721 ,  0.32105698 ,  0.88898816 ,  0.25678038 ,  0.98457089 ,  0.87042908 ,  0.21869082 ,  0.12401790 ,  0.09387133 ,  0.43310793 ,  0.13600380 ,  0.96226188 ,  0.76489499 ,],
[  0.67211580 ,  0.51885870 ,  0.66249278 ,  0.81915773 ,  0.58122359 ,  0.73973745 ,  0.78288593 ,  0.82706014 ,  0.40163508 ,  0.16877020 ,  0.09823087 ,  0.37979230 ,  0.61593067 ,  0.45306062 ,  0.33474045 ,  0.04114942 ,  0.68177937 ,  0.34276540 ,  0.73535663 ,  0.00283636 ,  0.23175356 ,  0.99213701 ,  0.98740725 ,  0.10218264 ,  0.21082783 ,  0.11142515 ,  0.19605397 ,  0.64393576 ,  0.24742895 ,  0.15831585 ,],
[  0.40883075 ,  0.91954475 ,  0.67717455 ,  0.07132353 ,  0.73870248 ,  0.25839814 ,  0.81106098 ,  0.52158841 ,  0.08545828 ,  0.21269606 ,  0.69035861 ,  0.18368915 ,  0.59248836 ,  0.30628928 ,  0.63674977 ,  0.92722881 ,  0.34743870 ,  0.31852914 ,  0.26999421 ,  0.08279533 ,  0.32136549 ,  0.50174777 ,  0.07493234 ,  0.30877274 ,  0.60393041 ,  0.28576017 ,  0.42019789 ,  0.79998437 ,  0.92969593 ,  0.66762684 ,],
[  0.95830022 ,  0.33852668 ,  0.58717159 ,  0.63547477 ,  0.40985021 ,  0.32587407 ,  0.89387291 ,  0.22091119 ,  0.84746248 ,  0.97933118 ,  0.43360725 ,  0.53782109 ,  0.16302033 ,  0.02609561 ,  0.84411036 ,  0.79977010 ,  0.95332443 ,  0.19154906 ,  0.11829923 ,  0.22331864 ,  0.27434439 ,  0.43966473 ,  0.72506640 ,  0.34927673 ,  0.74843747 ,  0.32899681 ,  0.63503690 ,  0.16863536 ,  0.12898118 ,  0.56473283 ,],
[  0.83626220 ,  0.08728140 ,  0.90325950 ,  0.42343379 ,  0.72275617 ,  0.31310971 ,  0.74930786 ,  0.61662907 ,  0.53402090 ,  0.59677034 ,  0.59596025 ,  0.96762815 ,  0.13459143 ,  0.75898058 ,  0.99372377 ,  0.97870179 ,  0.55875068 ,  0.94704819 ,  0.17025086 ,  0.67704991 ,  0.17036683 ,  0.44459525 ,  0.11671464 ,  0.89543323 ,  0.79387197 ,  0.86515211 ,  0.22443004 ,  0.42890887 ,  0.03378747 ,  0.35341121 ,],
[  0.99364170 ,  0.87004967 ,  0.44069261 ,  0.89690120 ,  0.29348345 ,  0.16344878 ,  0.21001091 ,  0.04279132 ,  0.78007785 ,  0.74403181 ,  0.63956166 ,  0.37603811 ,  0.71165996 ,  0.77415309 ,  0.13501869 ,  0.70538373 ,  0.75285488 ,  0.69376937 ,  0.65243192 ,  0.92310574 ,  0.37081928 ,  0.82279874 ,  0.36770098 ,  0.48753393 ,  0.71823197 ,  0.16157296 ,  0.35268604 ,  0.94266200 ,  0.59048183 ,  0.38647351 ,],
[  0.29607322 ,  0.58412352 ,  0.25652318 ,  0.73676583 ,  0.48102472 ,  0.55000663 ,  0.90021461 ,  0.69103563 ,  0.59279795 ,  0.68029246 ,  0.43506744 ,  0.23235961 ,  0.05633057 ,  0.14672740 ,  0.00651269 ,  0.19134926 ,  0.85211112 ,  0.75936758 ,  0.88511863 ,  0.50454304 ,  0.68247331 ,  0.25593791 ,  0.32734178 ,  0.05017430 ,  0.74347184 ,  0.04557375 ,  0.21174725 ,  0.09615788 ,  0.98823575 ,  0.80222908 ,],
[  0.48263139 ,  0.28430897 ,  0.38635260 ,  0.73915457 ,  0.02107480 ,  0.86737732 ,  0.28916120 ,  0.92128941 ,  0.55841294 ,  0.88195915 ,  0.60158187 ,  0.99348038 ,  0.11431875 ,  0.65791244 ,  0.14020778 ,  0.12083145 ,  0.84926170 ,  0.99231890 ,  0.88019902 ,  0.73438032 ,  0.49686193 ,  0.56267233 ,  0.99031823 ,  0.82420371 ,  0.61284663 ,  0.73379007 ,  0.86977746 ,  0.82459388 ,  0.82994795 ,  0.85801321 ,],
[  0.62682296 ,  0.31257934 ,  0.14232217 ,  0.01317556 ,  0.05173391 ,  0.16339697 ,  0.88055287 ,  0.34089511 ,  0.08468638 ,  0.43896582 ,  0.22285425 ,  0.68626825 ,  0.43244620 ,  0.33717301 ,  0.34418069 ,  0.57265398 ,  0.45800445 ,  0.19344239 ,  0.56497287 ,  0.33820347 ,  0.92782271 ,  0.06183481 ,  0.90087581 ,  0.91814094 ,  0.88603852 ,  0.51372244 ,  0.65193102 ,  0.75581598 ,  0.33831632 ,  0.48187897 ,],
[  0.61382918 ,  0.96513928 ,  0.79445831 ,  0.75615136 ,  0.97831484 ,  0.84619221 ,  0.91954833 ,  0.85886771 ,  0.18708732 ,  0.00423471 ,  0.29783353 ,  0.40994157 ,  0.69050297 ,  0.73027973 ,  0.74711458 ,  0.03468366 ,  0.30293370 ,  0.20511903 ,  0.22812604 ,  0.86790658 ,  0.54332250 ,  0.15594875 ,  0.92974138 ,  0.44419831 ,  0.07408970 ,  0.81577990 ,  0.95792075 ,  0.72602071 ,  0.57159588 ,  0.29623707 ,],
[  0.20789968 ,  0.18542506 ,  0.26137635 ,  0.00235799 ,  0.94157642 ,  0.23969119 ,  0.84855020 ,  0.86112475 ,  0.09855890 ,  0.03563752 ,  0.86535947 ,  0.39639243 ,  0.44557909 ,  0.55586243 ,  0.12667216 ,  0.19269367 ,  0.59054609 ,  0.42960586 ,  0.39781270 ,  0.81867214 ,  0.29751244 ,  0.94113521 ,  0.97462089 ,  0.22725382 ,  0.38533352 ,  0.04871059 ,  0.04303373 ,  0.34325427 ,  0.77473130 ,  0.61462960 ,],
[  0.63949134 ,  0.98263098 ,  0.80005467 ,  0.90086770 ,  0.98498896 ,  0.74163109 ,  0.14055888 ,  0.83353916 ,  0.60275584 ,  0.23911779 ,  0.86917668 ,  0.46811531 ,  0.63551022 ,  0.31475578 ,  0.02397775 ,  0.76218238 ,  0.50744945 ,  0.61452384 ,  0.19178824 ,  0.90526216 ,  0.43319597 ,  0.48930068 ,  0.84639737 ,  0.40781686 ,  0.71655450 ,  0.23173089 ,  0.45652745 ,  0.75958823 ,  0.57498516 ,  0.23125874 ,],
[  0.37421783 ,  0.21447650 ,  0.21388972 ,  0.17427250 ,  0.11534420 ,  0.19887868 ,  0.91590359 ,  0.25590308 ,  0.03241785 ,  0.51865943 ,  0.49502087 ,  0.90159453 ,  0.98677474 ,  0.13053109 ,  0.21635031 ,  0.01075249 ,  0.89271346 ,  0.72379976 ,  0.62527632 ,  0.08450170 ,  0.62906192 ,  0.05847230 ,  0.57380238 ,  0.47545928 ,  0.46628916 ,  0.29035688 ,  0.70719017 ,  0.92281661 ,  0.04994511 ,  0.28217533 ,],
[  0.15407535 ,  0.42416294 ,  0.49665183 ,  0.36796507 ,  0.59843543 ,  0.61199603 ,  0.56684376 ,  0.51433902 ,  0.86789912 ,  0.59926161 ,  0.03299845 ,  0.36291999 ,  0.50085614 ,  0.01977319 ,  0.49345107 ,  0.71720645 ,  0.03052568 ,  0.38616453 ,  0.44100622 ,  0.65580200 ,  0.47066623 ,  0.07006813 ,  0.71427430 ,  0.04446861 ,  0.54552742 ,  0.18056346 ,  0.33482549 ,  0.25271759 ,  0.10338007 ,  0.38477060 ,],
[  0.53489292 ,  0.25745542 ,  0.80893353 ,  0.03154476 ,  0.62542049 ,  0.40736897 ,  0.64354079 ,  0.19226425 ,  0.92170799 ,  0.51143991 ,  0.79152586 ,  0.95470644 ,  0.87435990 ,  0.29238200 ,  0.97447964 ,  0.36781097 ,  0.00958845 ,  0.00500532 ,  0.75397550 ,  0.45059466 ,  0.66080732 ,  0.22464173 ,  0.52066280 ,  0.37508162 ,  0.26911035 ,  0.06619022 ,  0.55564508 ,  0.60393584 ,  0.31890781 ,  0.65902515 ,],
[  0.98870643 ,  0.85380073 ,  0.91648057 ,  0.79763997 ,  0.88534549 ,  0.54190106 ,  0.20500894 ,  0.52888627 ,  0.73416532 ,  0.12671693 ,  0.04032618 ,  0.52569117 ,  0.08142337 ,  0.91468608 ,  0.81807317 ,  0.05590300 ,  0.28249705 ,  0.82766162 ,  0.06090832 ,  0.03647255 ,  0.27825628 ,  0.72171564 ,  0.26111428 ,  0.79891908 ,  0.09679726 ,  0.53022463 ,  0.86510930 ,  0.65244235 ,  0.13416046 ,  0.18401711 ,],
[  0.31146750 ,  0.12286690 ,  0.03781784 ,  0.22794807 ,  0.92050687 ,  0.92316332 ,  0.76984913 ,  0.12551580 ,  0.45204960 ,  0.50401445 ,  0.25223273 ,  0.49237578 ,  0.02970562 ,  0.33365610 ,  0.40706186 ,  0.84777879 ,  0.38955910 ,  0.68955890 ,  0.67544041 ,  0.45046742 ,  0.72603145 ,  0.95369670 ,  0.17218306 ,  0.98714573 ,  0.75261578 ,  0.26898032 ,  0.51737036 ,  0.61772508 ,  0.92142266 ,  0.65153082 ,],
[  0.80174219 ,  0.23289016 ,  0.77439772 ,  0.83956003 ,  0.46083823 ,  0.69490458 ,  0.76272335 ,  0.23068737 ,  0.82042039 ,  0.21477294 ,  0.73470182 ,  0.07265311 ,  0.70714872 ,  0.76440744 ,  0.40630921 ,  0.11421058 ,  0.61218623 ,  0.79586831 ,  0.80376948 ,  0.28762664 ,  0.24633573 ,  0.52980093 ,  0.24132334 ,  0.41851878 ,  0.51694666 ,  0.99393912 ,  0.68749910 ,  0.03431701 ,  0.61166420 ,  0.60892177 ,],
[  0.68584783 ,  0.41340638 ,  0.84181193 ,  0.46024555 ,  0.25296641 ,  0.30265016 ,  0.15515013 ,  0.01568975 ,  0.53333753 ,  0.97557052 ,  0.23046270 ,  0.26803934 ,  0.04822363 ,  0.93761142 ,  0.03244678 ,  0.45453284 ,  0.05182200 ,  0.64463301 ,  0.25040115 ,  0.85559148 ,  0.93225966 ,  0.49673687 ,  0.38539241 ,  0.17358300 ,  0.91525566 ,  0.90233906 ,  0.16752212 ,  0.60275476 ,  0.93665608 ,  0.77918631 ,],
[  0.21167652 ,  0.62250391 ,  0.19259269 ,  0.05348845 ,  0.08274945 ,  0.44555910 ,  0.35613861 ,  0.23789958 ,  0.46124886 ,  0.88947613 ,  0.21347010 ,  0.69171156 ,  0.15751548 ,  0.26169373 ,  0.62932298 ,  0.18996226 ,  0.71622657 ,  0.68114498 ,  0.83459527 ,  0.96662772 ,  0.53673646 ,  0.76685493 ,  0.46336459 ,  0.92212887 ,  0.94043793 ,  0.37862025 ,  0.82446793 ,  0.10796004 ,  0.98137501 ,  0.76112401 ,],
[  0.88714635 ,  0.19305153 ,  0.38362791 ,  0.07973905 ,  0.24653998 ,  0.46637737 ,  0.52529815 ,  0.60267859 ,  0.70427695 ,  0.98654700 ,  0.49215472 ,  0.91774705 ,  0.67825856 ,  0.64967020 ,  0.17944078 ,  0.30758154 ,  0.83963246 ,  0.89566736 ,  0.98872652 ,  0.67422773 ,  0.86229507 ,  0.52546298 ,  0.44108265 ,  0.32565966 ,  0.44759184 ,  0.38152058 ,  0.70427991 ,  0.27205978 ,  0.48948062 ,  0.68565492 ,],
[  0.03318378 ,  0.37662698 ,  0.87870644 ,  0.41681170 ,  0.45636602 ,  0.12524642 ,  0.88318906 ,  0.98166417 ,  0.72792501 ,  0.58746602 ,  0.96821117 ,  0.22007973 ,  0.50521307 ,  0.64646973 ,  0.86974993 ,  0.68465386 ,  0.95405127 ,  0.70938238 ,  0.58032121 ,  0.94277779 ,  0.38361011 ,  0.44261628 ,  0.46824076 ,  0.82469276 ,  0.76827595 ,  0.91583261 ,  0.20621334 ,  0.47255586 ,  0.18789238 ,  0.69569397 ,],
[  0.15821078 ,  0.22107617 ,  0.07232094 ,  0.03691722 ,  0.63788786 ,  0.52868696 ,  0.16216364 ,  0.52107693 ,  0.51035113 ,  0.89008865 ,  0.10854294 ,  0.47856231 ,  0.11016838 ,  0.61375601 ,  0.12503204 ,  0.97991831 ,  0.29840987 ,  0.07908331 ,  0.68930069 ,  0.87873108 ,  0.02186110 ,  0.07291080 ,  0.32134736 ,  0.49010186 ,  0.89760356 ,  0.08962331 ,  0.40593447 ,  0.10381691 ,  0.56217917 ,  0.59382685 ,],
[  0.79951088 ,  0.72038995 ,  0.81490302 ,  0.87183182 ,  0.75730717 ,  0.45279088 ,  0.40051878 ,  0.91947081 ,  0.97386781 ,  0.91086992 ,  0.80955946 ,  0.08241075 ,  0.38943223 ,  0.91972784 ,  0.69616676 ,  0.51446427 ,  0.89964615 ,  0.99457664 ,  0.59354758 ,  0.58894684 ,  0.87330772 ,  0.61540868 ,  0.66185764 ,  0.19465508 ,  0.10551054 ,  0.55946121 ,  0.28427839 ,  0.51144501 ,  0.66327812 ,  0.84645757 ,],
[  0.10527186 ,  0.46278899 ,  0.56684751 ,  0.92017488 ,  0.33462081 ,  0.32415468 ,  0.37296576 ,  0.73513960 ,  0.24362549 ,  0.34683356 ,  0.64600951 ,  0.05318495 ,  0.42924431 ,  0.03544174 ,  0.97291279 ,  0.12541108 ,  0.54990601 ,  0.87255894 ,  0.11998771 ,  0.14345359 ,  0.46150579 ,  0.99329543 ,  0.75886226 ,  0.12336343 ,  0.18795051 ,  0.86437281 ,  0.68282464 ,  0.47222890 ,  0.37581782 ,  0.34610275 ,],
[  0.31868647 ,  0.48108968 ,  0.80889174 ,  0.88553398 ,  0.40126455 ,  0.14351256 ,  0.20968867 ,  0.77423031 ,  0.87865215 ,  0.45331416 ,  0.12106388 ,  0.52466167 ,  0.50649911 ,  0.55030819 ,  0.56010341 ,  0.47941191 ,  0.67571927 ,  0.11000941 ,  0.35197085 ,  0.79570698 ,  0.25346300 ,  0.81347664 ,  0.78900241 ,  0.01232526 ,  0.93684007 ,  0.97695292 ,  0.87669807 ,  0.61966470 ,  0.44918183 ,  0.25251588 ,],
[  0.96576745 ,  0.76786830 ,  0.73360556 ,  0.77465920 ,  0.65340228 ,  0.13487012 ,  0.91817175 ,  0.86309095 ,  0.90910043 ,  0.79682390 ,  0.31640511 ,  0.03016430 ,  0.32148557 ,  0.82290422 ,  0.58047249 ,  0.88158898 ,  0.30231613 ,  0.25619176 ,  0.99159839 ,  0.65428698 ,  0.05189874 ,  0.24506139 ,  0.46776361 ,  0.84090116 ,  0.25738665 ,  0.40460368 ,  0.81785408 ,  0.13408472 ,  0.02426838 ,  0.26703590 ,],
[  0.38660061 ,  0.99003583 ,  0.03490420 ,  0.12020617 ,  0.76469503 ,  0.68830648 ,  0.25507629 ,  0.68286678 ,  0.55139743 ,  0.16417671 ,  0.47969068 ,  0.86780254 ,  0.19434102 ,  0.80117625 ,  0.69070675 ,  0.77481351 ,  0.68276523 ,  0.99302288 ,  0.03100527 ,  0.67436362 ,  0.64730986 ,  0.08290401 ,  0.91942501 ,  0.11507347 ,  0.92380517 ,  0.17681166 ,  0.51967715